Score Metric 0: % goods choices all 
Pure: 0.1579
Exploration: 21.81934
ASRN0: 86.83449


Score Metric 1: Total gain mean for all agents 
Pure: 1701.6215231602575
Exploration: 220716.07951370004
ASRN1: 864107.9554708494


